16 16 15 15 15 14 14 14 13 13 13 14 15 16 19 21 19 16 16 16 15 16 15 14 14 13 13 13 13 14 14 14 15 
16 16 15 15 15 14 14 14 13 13 13 14 15 16 19 21 19 16 16 16 15 16 15 14 14 13 13 13 13 14 14 14 15 
16 16 15 15 15 14 14 14 13 13 13 14 15 16 19 21 19 16 16 16 15 16 15 14 14 13 13 13 13 14 14 14 15 
16 16 15 15 15 14 14 14 13 13 13 14 15 16 19 21 19 16 16 16 15 16 15 14 14 13 13 13 13 14 14 14 15 
16 16 15 15 15 14 14 14 13 13 13 14 15 16 19 21 19 16 16 16 15 16 15 14 14 13 13 13 13 14 14 14 15 
16 16 15 15 15 14 14 14 13 13 13 14 15 16 19 21 19 16 16 16 15 16 15 14 14 13 13 13 13 14 14 14 15 
16 16 15 15 15 14 14 14 13 13 13 14 15 16 19 21 19 16 16 16 15 16 15 14 14 13 13 13 13 14 14 14 15 
16 16 15 15 15 14 14 14 13 13 13 14 15 16 19 21 19 16 16 16 15 16 15 14 14 13 13 13 13 14 14 14 15 
16 16 15 15 15 14 14 14 13 13 13 14 15 16 19 21 19 16 16 16 15 16 15 14 14 13 13 13 13 14 14 14 15 
16 16 15 15 15 14 14 14 13 13 13 14 15 16 19 21 19 16 16 16 15 16 15 14 14 13 13 13 13 14 14 14 15 
16 16 15 15 15 14 14 14 13 13 13 14 15 16 19 21 19 16 16 16 15 16 15 14 14 13 13 13 13 14 14 14 15 
16 16 15 15 15 14 14 14 13 13 13 14 15 16 19 21 19 16 16 16 15 16 15 14 14 13 13 13 13 14 14 14 15 
16 16 15 15 15 14 14 14 13 13 13 14 15 16 19 21 19 16 16 16 15 16 15 14 14 13 13 13 13 14 14 14 15 
16 16 15 15 15 14 14 14 13 13 13 14 15 16 19 21 19 16 16 16 15 16 15 14 14 13 13 13 13 14 14 14 15 
16 16 15 15 15 14 14 14 13 13 13 14 15 16 19 21 19 16 16 16 15 16 15 14 14 13 13 13 13 14 14 14 15 
16 16 15 15 15 14 14 14 13 13 13 14 15 16 19 21 19 16 16 16 15 16 15 14 14 13 13 13 13 14 14 14 15 
16 16 15 15 15 14 14 14 13 13 13 14 15 16 19 21 19 16 16 16 15 16 15 14 14 13 13 13 13 14 14 14 15 
16 16 15 15 15 14 14 14 13 13 13 14 15 16 19 21 19 16 16 16 15 16 15 14 14 13 13 13 13 14 14 14 15 
16 16 15 15 15 14 14 14 13 13 13 14 15 16 19 21 19 16 16 16 15 16 15 14 14 13 13 13 13 14 14 14 15 
16 16 15 15 15 14 14 14 13 13 13 14 15 16 19 21 19 21 19 16 15 16 15 14 14 13 13 13 13 14 14 14 15 
16 16 15 15 15 14 14 14 13 13 13 14 15 16 19 21 23 25 23 20 18 16 15 14 14 13 13 13 13 14 14 14 15 
16 16 16 16 15 15 15 14 14 14 14 15 16 19 22 26 28 32 28 24 21 19 17 15 15 14 14 14 14 14 15 15 15 
17 17 16 16 16 16 15 15 15 15 15 16 19 21 27 32 36 37 35 29 26 21 19 17 16 15 14 14 14 15 15 15 16 
17 17 17 17 17 16 16 16 15 16 17 18 20 24 31 37 45 49 42 36 30 24 21 19 17 16 15 15 15 15 16 16 17 
18 18 18 18 18 17 17 16 17 17 18 19 23 27 36 44 54 59 53 42 35 28 24 21 19 17 16 16 16 16 16 17 17 
19 19 19 18 18 18 18 18 18 18 19 22 26 32 41 52 64 73 63 50 41 33 27 23 20 18 17 17 17 17 18 18 18 
20 20 20 19 19 19 19 19 19 20 21 24 29 36 47 61 78 87 78 60 49 39 31 26 22 19 18 18 18 18 18 19 19 
21 21 21 21 20 20 20 20 21 22 23 26 32 41 54 70 91 107 94 74 60 47 37 30 24 22 20 19 19 19 20 20 20 
22 22 22 22 22 22 22 22 23 24 26 30 36 47 61 79 106 123 112 92 71 56 43 34 28 24 22 20 20 21 21 21 22 
24 24 24 24 24 24 24 24 24 26 29 35 41 53 70 91 120 255 255 105 84 65 49 40 32 27 24 23 22 22 22 23 23 
26 27 27 27 27 27 27 27 29 31 34 39 47 60 80 103 255 255 255 121 97 75 57 46 35 32 27 25 24 24 24 25 25 
31 31 31 31 32 32 33 33 34 35 40 45 55 68 89 114 255 255 255 131 110 89 67 53 40 35 30 28 27 27 27 28 28 
38 37 38 39 39 40 42 41 43 46 50 56 66 79 100 120 255 255 255 255 255 98 77 59 48 42 35 33 32 31 31 31 32 
36 35 35 35 35 34 34 35 36 39 44 52 62 77 99 255 255 255 255 255 255 115 96 75 62 54 48 45 42 41 40 39 39 
28 27 27 26 26 26 26 27 29 31 36 44 53 67 86 105 255 255 255 255 255 116 89 70 57 48 42 39 34 34 32 31 31 
24 24 24 24 24 24 24 25 27 29 35 41 49 61 75 91 114 255 255 131 123 98 81 66 51 45 37 32 30 28 27 26 27 
22 22 22 21 22 22 22 23 25 28 33 39 45 54 66 79 99 123 126 112 97 81 69 58 47 40 33 29 26 25 24 23 23 
20 20 20 20 20 20 21 22 24 26 31 37 41 48 58 70 86 104 117 95 80 69 57 49 42 36 31 26 24 22 21 21 21 
19 19 19 18 19 19 19 21 23 25 30 34 38 43 51 61 74 90 95 79 68 57 49 43 37 32 28 24 22 21 20 20 19 
18 18 18 18 18 18 19 20 21 24 28 31 34 38 45 53 64 78 80 68 58 49 42 37 32 29 26 23 21 20 19 18 18 
17 17 16 17 17 17 18 19 20 23 26 29 31 34 39 46 55 66 67 58 49 42 37 33 29 26 24 22 21 19 18 18 17 
16 16 16 16 16 16 17 18 20 22 24 26 29 32 35 40 47 55 57 49 41 36 32 29 27 25 23 21 19 18 17 17 16 
15 15 15 15 15 16 17 18 19 20 23 24 26 28 30 34 40 46 46 41 36 32 28 26 24 23 21 19 18 17 17 16 16 
15 14 14 14 15 15 16 17 18 19 21 23 24 25 27 30 34 38 38 34 30 28 25 24 22 21 20 19 18 16 15 15 15 
14 14 14 14 14 14 15 16 17 19 20 20 22 23 24 25 29 32 31 29 26 24 22 22 21 20 19 18 17 16 16 15 15 
13 13 13 13 14 14 15 16 16 18 18 19 19 20 21 22 24 25 26 25 23 21 20 21 20 18 18 17 16 15 15 15 14 
13 13 13 13 13 13 14 15 16 17 17 18 18 19 19 20 21 21 21 20 20 19 18 18 18 17 17 17 16 15 14 14 14 
13 13 13 13 13 13 14 14 15 16 16 16 17 17 17 16 17 16 17 18 17 17 17 17 17 17 16 16 15 15 14 14 13 
13 13 13 13 13 13 14 14 15 16 16 16 17 17 17 16 17 14 14 18 17 17 17 17 17 17 16 16 15 15 14 14 13 
12 13 13 13 13 13 13 13 13 13 13 14 15 15 16 16 14 15 15 14 16 15 15 15 14 14 14 13 13 13 13 13 13 
12 13 13 13 13 13 13 13 13 13 13 14 15 15 16 16 18 19 19 17 16 15 15 15 14 14 14 13 13 13 13 13 13 
13 13 13 13 13 13 13 14 14 14 15 15 16 17 18 20 22 23 22 21 19 18 17 16 15 15 15 14 14 14 14 14 13 
13 13 14 14 14 14 14 14 15 15 15 16 18 19 20 24 27 28 28 26 23 20 19 18 17 16 15 15 15 14 14 14 14 
14 14 14 14 14 14 15 15 15 16 17 18 19 21 25 28 33 37 36 32 28 24 22 20 18 17 16 16 15 15 15 15 14 
15 15 15 15 15 15 15 16 16 17 18 19 22 24 28 34 41 45 44 39 33 29 25 22 20 19 18 17 16 16 16 15 15 
15 15 15 15 16 16 16 17 17 18 19 21 24 28 33 41 48 55 55 47 40 34 28 25 22 20 19 18 17 16 16 16 16 
16 16 16 16 17 17 17 18 18 19 21 23 27 31 38 47 58 67 66 57 48 40 33 28 25 22 21 19 18 17 17 17 16 
17 17 17 17 17 18 18 19 19 21 23 26 30 35 44 55 69 82 80 68 57 47 38 32 28 25 22 20 19 18 18 17 17 
18 18 18 18 18 19 19 20 21 23 26 29 34 40 50 63 80 97 98 82 67 55 45 37 32 28 25 22 20 19 19 18 18 
20 20 20 20 20 20 21 22 23 25 28 31 38 46 58 73 94 117 114 100 79 66 52 43 36 31 27 24 23 21 20 19 19 
22 21 22 21 22 22 22 24 25 27 30 35 43 51 66 84 108 255 255 114 92 77 60 50 41 34 31 26 24 23 22 21 21 
24 24 24 24 24 24 25 26 28 30 34 39 47 57 76 97 123 255 255 255 107 89 70 58 47 40 34 29 27 25 24 23 23 
28 28 28 28 28 29 30 31 32 35 38 44 52 63 83 109 255 255 255 255 123 102 81 68 54 46 38 33 30 29 27 27 26 
37 37 37 37 37 38 38 39 40 42 47 53 61 73 92 123 255 255 255 255 255 126 99 83 69 57 48 43 39 37 36 36 35 
32 32 31 31 31 32 32 32 35 38 43 52 62 76 98 126 255 255 255 255 255 126 99 83 68 56 49 43 40 38 36 36 34 
28 27 27 27 27 27 28 29 31 33 38 45 57 69 87 112 131 255 255 255 255 108 85 71 57 48 41 37 33 32 30 29 29 
24 24 23 23 23 24 25 26 28 31 35 40 49 60 75 95 121 255 255 255 116 90 73 60 49 42 36 32 29 28 26 25 25 
22 22 21 22 22 22 23 24 25 27 31 36 42 52 66 84 106 126 126 114 93 78 63 52 43 36 32 28 27 25 24 23 22 
20 20 20 20 20 21 21 22 23 25 28 33 38 45 57 73 92 110 111 97 78 66 55 45 37 33 28 25 24 23 21 21 20 
19 19 19 19 19 19 20 20 22 24 26 29 34 41 50 64 77 93 93 81 67 56 46 39 33 29 25 24 22 21 20 19 19 
18 18 18 18 18 18 19 19 20 22 24 27 32 35 43 55 66 78 79 68 56 48 39 33 29 26 24 22 21 20 19 18 18 
17 17 17 17 17 18 18 18 19 20 22 24 28 32 38 47 56 63 65 57 47 40 34 29 25 23 22 20 19 18 18 17 17 
16 16 16 16 16 17 17 17 18 19 20 23 24 28 33 39 47 54 52 46 39 34 28 25 23 21 20 19 18 17 17 17 16 
15 15 15 15 16 16 16 17 17 18 19 20 22 25 28 34 40 43 42 37 33 29 25 23 21 20 18 18 17 17 16 16 16 
15 15 15 15 15 15 16 16 16 17 18 19 20 22 26 29 33 37 35 31 28 25 22 20 19 17 17 17 16 16 16 15 15 
14 14 14 14 15 15 15 15 15 16 16 17 18 20 21 24 27 28 29 27 24 21 19 18 17 16 16 16 16 15 15 15 15 
14 14 14 14 14 14 14 15 15 15 16 16 17 18 18 21 22 23 22 23 20 20 17 17 16 15 15 15 15 15 14 14 14 
13 13 14 14 14 14 14 14 14 14 15 15 15 16 16 17 18 19 18 18 18 16 16 15 15 15 15 15 14 14 14 14 14 
13 13 14 14 14 14 14 14 14 14 15 15 15 16 16 17 18 16 16 15 18 16 16 15 15 15 15 15 14 14 14 14 14 
13 13 13 13 13 14 14 15 16 17 18 19 20 21 22 24 21 22 28 25 24 22 20 19 18 18 17 16 15 14 14 13 13 
13 13 13 13 13 14 14 15 16 17 18 19 20 21 22 24 26 27 28 25 24 22 20 19 18 18 17 16 15 14 14 13 13 
14 13 13 14 14 14 15 16 17 18 20 21 22 24 26 30 31 33 35 31 27 24 23 21 20 19 18 17 16 15 15 14 14 
14 14 14 14 14 15 16 17 18 20 21 23 25 27 29 34 41 43 43 38 33 30 26 24 23 21 19 18 17 16 15 15 14 
15 15 15 15 15 16 16 17 19 21 22 25 28 30 34 40 47 53 50 45 39 35 30 27 25 23 21 19 18 16 16 15 15 
16 16 15 16 16 16 17 18 20 22 24 27 31 34 40 48 55 63 61 53 47 41 34 30 27 25 23 20 19 18 17 16 16 
16 16 16 16 17 17 18 19 21 24 26 30 34 39 46 56 65 77 73 63 55 47 40 35 31 26 24 21 19 19 18 17 17 
18 17 17 17 18 18 19 20 22 25 27 34 38 45 53 64 76 91 88 75 64 54 45 39 34 30 26 23 21 20 19 18 18 
19 19 19 19 19 19 20 21 23 26 29 37 42 50 60 75 89 109 103 88 75 63 53 45 38 32 27 24 22 21 20 20 19 
20 20 20 20 21 21 21 22 24 27 31 39 48 57 69 86 106 255 118 101 88 74 61 51 42 35 29 26 24 23 22 22 20 
22 22 22 22 22 22 23 24 26 29 32 41 52 62 78 99 118 255 255 120 102 85 69 57 46 37 32 29 26 25 25 24 23 
25 25 25 25 24 25 25 26 27 30 35 42 54 68 86 110 255 255 255 255 115 94 75 62 49 40 35 33 30 29 28 27 26 
29 29 29 29 29 29 29 30 30 33 36 45 56 70 89 123 255 255 255 255 131 102 83 68 55 48 41 40 37 36 34 34 33 
36 35 34 36 35 34 34 35 36 38 40 48 58 71 90 121 255 255 255 255 255 114 94 81 67 60 55 53 47 45 45 41 39 
38 38 38 38 37 38 39 40 41 44 47 54 66 79 97 126 255 255 255 255 102 82 66 54 47 41 37 35 34 34 33 33 33 
29 29 29 28 29 29 30 31 33 36 40 48 55 69 83 112 255 255 131 109 85 68 54 43 36 32 29 27 27 26 26 25 26 
26 26 26 26 26 26 27 27 29 31 33 40 48 59 75 99 255 255 118 97 73 59 48 38 32 29 27 25 25 24 24 24 24 
24 24 23 24 24 24 24 25 26 27 30 35 43 53 68 89 121 131 106 84 65 51 41 35 29 26 24 23 23 22 23 23 23 
22 22 22 22 22 22 23 23 23 25 27 32 39 47 60 79 109 118 93 74 56 45 37 31 26 24 22 21 21 21 21 21 22 
21 21 21 21 21 21 21 21 22 23 25 29 34 42 53 70 93 97 79 62 49 40 32 27 24 22 20 20 20 20 20 21 21 
20 20 20 20 20 19 20 20 20 21 23 26 31 37 48 63 80 82 67 53 42 34 28 24 22 20 19 19 19 19 19 20 20 
20 19 19 19 19 19 18 19 19 20 21 23 28 34 42 54 68 67 56 44 36 29 25 22 20 19 18 18 18 18 19 19 19 
19 19 18 18 18 18 18 18 18 18 20 22 25 30 36 47 57 56 47 37 31 26 22 20 19 18 17 17 17 18 18 18 18 
18 18 18 18 17 17 17 17 17 17 18 20 22 26 32 40 47 47 39 32 27 23 20 18 17 17 16 16 16 16 17 17 18 
18 17 17 17 16 16 16 16 16 16 17 19 20 23 28 33 38 39 33 27 23 21 19 17 16 16 16 15 16 16 16 16 17 
17 17 17 16 16 16 15 15 15 15 16 17 18 21 25 28 31 31 28 24 21 18 17 16 15 15 15 15 15 15 16 16 17 
16 16 16 16 16 15 15 14 14 14 15 16 17 19 21 23 27 26 23 20 19 17 16 15 14 15 14 14 15 15 15 15 16 
16 16 16 15 15 15 14 14 14 14 14 14 16 16 19 20 22 22 20 18 16 15 15 14 14 14 14 14 14 14 15 15 15 
16 15 15 15 15 14 14 13 13 13 13 13 14 15 16 17 18 18 18 16 15 15 14 14 13 13 13 13 14 14 14 15 15 
16 15 15 15 15 14 14 13 13 13 13 13 14 15 16 17 15 15 18 16 15 15 14 14 13 13 13 13 14 14 14 15 15 
16 15 15 15 15 14 14 13 13 13 13 13 14 15 16 17 15 15 18 16 15 15 14 14 13 13 13 13 14 14 14 15 15 
16 15 15 15 15 14 14 13 13 13 13 13 14 15 16 17 15 15 18 16 15 15 14 14 13 13 13 13 14 14 14 15 15 
16 15 15 15 15 14 14 13 13 13 13 13 14 15 16 17 15 15 18 16 15 15 14 14 13 13 13 13 14 14 14 15 15 
16 15 15 15 15 14 14 13 13 13 13 13 14 15 16 17 15 15 18 16 15 15 14 14 13 13 13 13 14 14 14 15 15 
16 15 15 15 15 14 14 13 13 13 13 13 14 15 16 17 15 15 18 16 15 15 14 14 13 13 13 13 14 14 14 15 15 
16 15 15 15 15 14 14 13 13 13 13 13 14 15 16 17 15 15 18 16 15 15 14 14 13 13 13 13 14 14 14 15 15 
16 15 15 15 15 14 14 13 13 13 13 13 14 15 16 17 15 15 18 16 15 15 14 14 13 13 13 13 14 14 14 15 15 
16 15 15 15 15 14 14 13 13 13 13 13 14 15 16 17 15 15 18 16 15 15 14 14 13 13 13 13 14 14 14 15 15 
16 15 15 15 15 14 14 13 13 13 13 13 14 15 16 17 15 15 18 16 15 15 14 14 13 13 13 13 14 14 14 15 15 
16 15 15 15 15 14 14 13 13 13 13 13 14 15 16 17 15 15 18 16 15 15 14 14 13 13 13 13 14 14 14 15 15 
16 15 15 15 15 14 14 13 13 13 13 13 14 15 16 17 15 15 18 16 15 15 14 14 13 13 13 13 14 14 14 15 15 
16 15 15 15 15 14 14 13 13 13 13 13 14 15 16 17 15 15 18 16 15 15 14 14 13 13 13 13 14 14 14 15 15 
16 15 15 15 15 14 14 13 13 13 13 13 14 15 16 17 15 15 18 16 15 15 14 14 13 13 13 13 14 14 14 15 15 
16 15 15 15 15 14 14 13 13 13 13 13 14 15 16 17 15 15 18 16 15 15 14 14 13 13 13 13 14 14 14 15 15 
16 15 15 15 15 14 14 13 13 13 13 13 14 15 16 17 15 15 18 16 15 15 14 14 13 13 13 13 14 14 14 15 15 
16 15 15 15 15 14 14 13 13 13 13 13 14 15 16 17 15 15 18 16 15 15 14 14 13 13 13 13 14 14 14 15 15 
16 15 15 15 15 14 14 13 13 13 13 13 14 15 16 17 15 15 18 16 15 15 14 14 13 13 13 13 14 14 14 15 15 
16 15 15 15 15 14 14 13 13 13 13 13 14 15 16 17 15 15 18 16 15 15 14 14 13 13 13 13 14 14 14 15 15 