0 0 0 0 0 0 0 0 14 15 15 15 16 16 17 18 18 20 20 19 19 17 13 12 11 10 10 9 0 0 0 0 0
0 0 0 0 0 0 0 0 14 15 15 15 16 16 17 18 18 20 20 19 19 17 13 12 11 10 10 9 0 0 0 0 0
0 0 0 0 0 0 0 0 14 17 15 15 16 18 18 19 21 25 22 21 23 19 17 14 12 14 11 10 0 0 0 0 0
0 0 0 0 0 0 0 0 15 17 18 16 17 21 21 20 23 25 26 26 27 22 20 14 16 13 11 11 0 0 0 0 0
0 0 0 0 0 0 0 0 17 15 19 18 21 19 20 24 26 31 33 33 30 24 23 17 16 13 12 11 0 0 0 0 0
0 0 0 0 0 0 0 0 15 16 16 21 18 20 21 24 29 32 33 36 31 26 25 18 17 14 15 14 0 0 0 0 0
0 0 0 0 0 0 0 0 15 15 16 18 19 21 23 33 35 36 43 45 42 34 29 27 18 15 15 14 0 0 0 0 0
0 0 0 0 0 0 0 0 15 16 17 18 19 22 25 30 40 43 48 49 42 34 28 25 20 17 15 14 0 0 0 0 0
0 0 0 0 0 0 0 0 16 17 18 20 22 25 33 35 44 53 59 57 46 44 34 26 24 18 17 15 0 0 0 0 0
0 0 0 0 0 0 0 0 16 17 19 21 23 26 33 40 48 54 64 61 52 43 34 29 26 19 18 15 0 0 0 0 0
0 0 0 0 0 0 0 0 17 19 20 23 27 30 38 46 53 65 74 70 61 51 42 34 29 29 20 18 0 0 0 0 0
0 0 0 0 0 0 0 0 17 25 21 24 27 35 44 51 61 75 81 75 67 57 46 36 29 25 22 19 0 0 0 0 0
0 0 0 0 0 0 0 0 21 20 28 29 35 42 48 60 70 88 95 88 77 64 53 42 37 29 23 20 0 0 0 0 0
0 0 0 0 0 0 0 0 19 22 24 29 35 46 52 62 73 121 129 118 78 65 55 45 34 31 33 26 0 0 0 0 0
0 0 0 0 0 0 0 0 20 24 29 33 39 49 60 73 115 138 145 128 88 74 61 48 40 34 28 26 0 0 0 0 0
0 0 0 0 0 0 0 0 22 25 29 35 46 57 67 111 130 138 145 145 125 82 67 56 44 36 32 27 0 0 0 0 0
0 0 0 0 0 0 0 0 26 30 33 44 54 65 77 123 255 255 255 255 140 91 76 61 50 42 34 29 0 0 0 0 0
0 0 0 0 0 0 0 0 25 32 37 47 55 68 108 129 255 255 255 255 138 121 106 62 51 44 36 29 0 0 0 0 0
0 0 0 0 0 0 0 0 30 34 42 54 65 107 122 138 255 255 255 255 255 132 114 70 58 48 42 35 0 0 0 0 0
0 0 0 0 0 0 0 0 34 35 47 59 71 115 134 145 255 255 255 255 255 255 123 78 64 54 44 39 0 0 0 0 0
0 0 0 0 0 0 0 0 37 44 55 68 109 127 255 255 255 255 255 255 255 255 138 114 71 59 50 44 0 0 0 0 0
0 0 0 0 0 0 0 0 38 47 58 95 114 132 255 255 255 255 255 255 255 255 140 117 74 61 54 46 0 0 0 0 0
0 0 0 0 0 0 0 0 39 55 67 109 125 145 255 255 255 255 255 255 255 255 140 129 83 70 60 51 0 0 0 0 0
0 0 0 0 0 0 0 0 47 59 103 116 140 255 255 255 255 255 255 255 255 255 145 138 119 74 65 53 0 0 0 0 0
0 0 0 0 0 0 0 0 56 68 112 130 145 255 255 255 255 255 255 255 255 255 255 145 127 113 72 61 0 0 0 0 0
0 0 0 0 0 0 0 0 56 71 113 131 145 255 255 255 255 255 255 255 255 255 255 255 131 117 77 66 0 0 0 0 0
0 0 0 0 0 0 0 0 66 110 127 255 255 255 255 255 255 255 255 255 255 255 255 255 140 131 84 73 0 0 0 0 0
0 0 0 0 0 0 0 0 75 121 140 255 255 255 255 255 255 255 255 255 255 255 255 255 255 130 119 105 0 0 0 0 0
0 0 0 0 0 0 0 0 112 140 255 255 255 255 255 255 255 255 255 255 255 255 255 255 255 145 126 114 0 0 0 0 0
0 0 0 0 0 0 0 0 117 140 255 255 255 255 255 255 255 255 255 255 255 255 255 255 255 255 134 123 0 0 0 0 0
0 0 0 0 0 0 0 0 131 145 255 255 255 255 255 255 255 255 255 255 255 255 255 255 255 255 140 127 0 0 0 0 0
0 0 0 0 0 0 0 0 133 255 255 255 255 255 255 255 255 255 255 255 255 255 255 255 255 255 255 133 0 0 0 0 0
0 0 0 0 0 0 0 0 255 255 255 255 255 255 255 255 255 255 255 255 255 255 255 255 255 255 255 145 0 0 0 0 0
0 0 0 0 0 0 0 0 140 255 255 255 255 255 255 255 255 255 255 255 255 255 255 255 255 255 255 255 0 0 0 0 0
0 0 0 0 0 0 0 0 255 255 255 255 255 255 255 255 255 255 255 255 255 255 255 255 255 255 255 255 0 0 0 0 0
0 0 0 0 0 0 0 0 255 255 255 255 255 255 255 255 255 255 255 255 255 255 255 255 255 255 255 255 0 0 0 0 0
0 0 0 0 0 0 0 0 255 255 255 255 255 255 255 255 255 255 255 255 255 255 255 255 255 255 255 255 0 0 0 0 0
0 0 0 0 0 0 0 0 255 255 255 255 255 255 255 255 255 255 255 255 255 255 255 255 255 255 255 255 0 0 0 0 0
0 0 0 0 0 0 0 0 255 255 255 255 255 255 255 255 255 255 255 255 255 255 255 255 255 255 255 255 0 0 0 0 0
0 0 0 0 0 0 0 0 255 255 255 255 255 255 255 255 255 255 255 255 255 255 255 255 255 255 255 255 0 0 0 0 0
0 0 0 0 0 0 0 0 255 255 255 255 255 255 255 255 255 255 255 255 255 255 255 255 255 255 255 255 0 0 0 0 0
0 0 0 0 0 0 0 0 255 255 255 255 255 255 255 255 255 255 255 255 255 255 255 255 255 255 255 255 0 0 0 0 0
0 0 0 0 0 0 0 0 255 255 255 255 255 255 255 255 255 255 255 255 255 255 255 255 255 255 255 255 0 0 0 0 0
0 0 0 0 0 0 0 0 255 255 255 255 255 255 255 255 255 255 255 255 255 255 255 255 255 255 255 255 0 0 0 0 0
0 0 0 0 0 0 0 0 255 255 255 255 255 255 255 255 255 255 255 255 255 255 255 255 255 255 255 255 0 0 0 0 0
0 0 0 0 0 0 0 0 255 255 255 255 255 255 255 255 255 255 255 255 255 255 255 255 255 255 255 255 0 0 0 0 0
0 0 0 0 0 0 0 0 255 255 255 255 255 255 255 255 255 255 255 255 255 255 255 255 255 255 255 255 0 0 0 0 0
0 0 0 0 0 0 0 0 255 255 255 255 255 255 255 255 255 255 255 255 255 255 255 255 255 255 255 255 0 0 0 0 0
0 0 0 0 0 0 0 0 255 255 255 255 255 255 255 255 255 255 255 255 255 255 255 255 255 255 255 255 0 0 0 0 0
0 0 0 0 0 0 0 0 255 255 255 255 255 255 255 255 255 255 255 255 255 255 255 255 255 255 255 255 0 0 0 0 0
0 0 0 0 0 0 0 0 255 255 255 255 255 255 255 255 255 255 255 255 255 255 255 255 255 255 255 255 0 0 0 0 0
0 0 0 0 0 0 0 0 255 255 255 255 255 255 255 255 255 255 255 255 255 255 255 255 255 255 255 255 0 0 0 0 0
0 0 0 0 0 0 0 0 255 255 255 255 255 255 255 255 255 255 255 255 255 255 255 255 255 255 255 255 0 0 0 0 0
0 0 0 0 0 0 0 0 255 255 255 255 255 255 255 255 255 255 255 255 255 255 255 255 255 255 255 255 0 0 0 0 0
0 0 0 0 0 0 0 0 255 255 255 255 255 255 255 255 255 255 255 255 255 255 255 255 255 255 255 255 0 0 0 0 0
0 0 0 0 0 0 0 0 255 255 255 255 255 255 255 255 255 255 255 255 255 255 255 255 255 255 255 255 0 0 0 0 0
0 0 0 0 0 0 0 0 255 255 255 255 255 255 255 255 255 255 255 255 255 255 255 255 255 255 255 255 0 0 0 0 0
0 0 0 0 0 0 0 0 255 255 255 255 255 255 255 255 255 255 255 255 255 255 255 255 255 255 255 255 0 0 0 0 0
0 0 0 0 0 0 0 0 255 255 255 255 255 255 255 255 255 255 255 255 255 255 255 255 255 255 255 255 0 0 0 0 0
0 0 0 0 0 0 0 0 255 255 255 255 255 255 255 255 255 255 255 255 255 255 255 255 255 255 255 255 0 0 0 0 0
0 0 0 0 0 0 0 0 255 255 255 255 255 255 255 255 255 255 255 255 255 255 255 255 255 255 255 145 0 0 0 0 0
0 0 0 0 0 0 0 0 255 255 255 255 255 255 255 255 255 255 255 255 255 255 255 255 255 255 255 145 0 0 0 0 0
0 0 0 0 0 0 0 0 136 255 255 255 255 255 255 255 255 255 255 255 255 255 255 255 255 255 140 134 0 0 0 0 0
0 0 0 0 0 0 0 0 140 255 255 255 255 255 255 255 255 255 255 255 255 255 255 255 255 255 138 121 0 0 0 0 0
0 0 0 0 0 0 0 0 122 140 255 255 255 255 255 255 255 255 255 255 255 255 255 255 255 255 134 120 0 0 0 0 0
0 0 0 0 0 0 0 0 115 138 255 255 255 255 255 255 255 255 255 255 255 255 255 255 255 140 125 111 0 0 0 0 0
0 0 0 0 0 0 0 0 105 124 140 255 255 255 255 255 255 255 255 255 255 255 255 255 255 134 118 105 0 0 0 0 0
0 0 0 0 0 0 0 0 102 122 140 255 255 255 255 255 255 255 255 255 255 255 255 255 255 123 108 98 0 0 0 0 0
0 0 0 0 0 0 0 0 93 108 125 255 255 255 255 255 255 255 255 255 255 255 255 255 134 119 106 96 0 0 0 0 0
0 0 0 0 0 0 0 0 57 99 114 134 255 255 255 255 255 255 255 255 255 255 255 255 120 107 97 90 0 0 0 0 0
0 0 0 0 0 0 0 0 49 89 103 119 140 255 255 255 255 255 255 255 255 255 255 132 116 102 63 55 0 0 0 0 0
0 0 0 0 0 0 0 0 49 60 101 118 138 255 255 255 255 255 255 255 255 255 145 126 106 95 56 49 0 0 0 0 0
0 0 0 0 0 0 0 0 41 51 93 106 121 136 255 255 255 255 255 255 255 255 136 118 102 91 54 48 0 0 0 0 0
0 0 0 0 0 0 0 0 40 47 86 97 112 134 255 255 255 255 255 255 145 134 122 108 95 56 48 42 0 0 0 0 0
0 0 0 0 0 0 0 0 33 41 50 88 101 118 138 255 255 255 255 255 255 140 124 104 62 52 45 39 0 0 0 0 0
0 0 0 0 0 0 0 0 33 37 47 85 98 117 138 255 255 255 255 255 145 127 112 96 55 47 40 36 0 0 0 0 0
0 0 0 0 0 0 0 0 27 35 39 49 89 104 120 255 145 255 255 255 138 120 104 91 52 44 38 34 0 0 0 0 0
0 0 0 0 0 0 0 0 26 34 37 45 53 95 109 126 145 255 145 134 126 110 96 55 46 39 34 28 0 0 0 0 0
0 0 0 0 0 0 0 0 22 27 34 39 47 86 98 113 140 255 138 130 122 108 95 53 43 38 32 29 0 0 0 0 0
0 0 0 0 0 0 0 0 27 25 30 38 45 56 95 110 131 255 130 122 111 100 87 47 39 33 28 26 0 0 0 0 0
0 0 0 0 0 0 0 0 21 26 28 32 38 48 57 98 115 132 118 111 102 62 53 42 36 32 31 26 0 0 0 0 0
0 0 0 0 0 0 0 0 19 21 24 30 35 42 50 89 102 111 106 100 92 55 46 38 32 26 24 22 0 0 0 0 0
0 0 0 0 0 0 0 0 19 20 23 26 33 36 43 52 91 100 98 94 60 52 44 36 31 25 25 19 0 0 0 0 0
0 0 0 0 0 0 0 0 18 19 23 26 28 35 40 50 58 99 94 89 55 47 38 31 25 25 19 17 0 0 0 0 0
0 0 0 0 0 0 0 0 18 18 20 21 25 30 35 42 49 58 55 52 47 40 34 31 24 21 19 16 0 0 0 0 0
0 0 0 0 0 0 0 0 17 18 20 21 25 27 31 37 44 48 47 43 40 34 29 23 23 20 15 14 0 0 0 0 0
0 0 0 0 0 0 0 0 18 18 19 23 21 24 27 31 37 42 41 38 36 33 26 20 20 16 15 14 0 0 0 0 0
0 0 0 0 0 0 0 0 20 17 22 19 26 22 27 29 34 41 39 36 34 29 23 22 16 16 12 13 0 0 0 0 0
0 0 0 0 0 0 0 0 15 19 17 18 19 24 28 27 31 31 33 30 29 24 20 21 15 14 14 13 0 0 0 0 0
0 0 0 0 0 0 0 0 15 16 17 17 19 20 22 23 25 27 28 26 24 22 21 15 13 12 13 13 0 0 0 0 0
0 0 0 0 0 0 0 0 15 16 17 17 18 18 19 21 22 23 24 24 21 19 19 15 15 11 11 10 0 0 0 0 0
0 0 0 0 0 0 0 0 15 15 16 17 18 18 18 18 24 22 22 22 20 17 15 14 13 13 10 10 0 0 0 0 0
0 0 0 0 0 0 0 0 14 15 16 16 16 17 16 17 18 16 17 19 16 16 13 12 11 12 10 9 0 0 0 0 0
0 0 0 0 0 0 0 0 14 14 15 16 16 15 17 18 17 14 15 14 14 13 12 11 10 10 9 9 0 0 0 0 0
0 0 0 0 0 0 0 0 15 14 15 16 16 15 14 14 14 15 14 15 14 13 12 10 10 9 9 9 0 0 0 0 0
0 0 0 0 0 0 0 0 15 15 16 14 16 14 15 15 13 12 12 13 13 13 12 11 9 9 9 9 0 0 0 0 0
0 0 0 0 0 0 0 0 15 15 16 14 16 14 15 15 13 12 12 13 13 13 12 11 9 9 9 9 0 0 0 0 0
