0 0 0 0 14 13 13 13 15 16 19 21 24 28 34 29 23 16 12 11 12 9 9 9 0 0 0 0 0 0 0 0 0 
0 0 0 0 14 13 13 13 15 16 19 21 24 28 34 29 23 16 12 11 12 9 9 9 0 0 0 0 0 0 0 0 0 
0 0 0 0 12 13 13 14 16 18 20 22 28 35 38 35 30 24 16 18 11 10 9 9 0 0 0 0 0 0 0 0 0 
0 0 0 0 13 14 17 19 20 22 27 32 33 40 43 39 30 22 18 15 11 15 14 9 0 0 0 0 0 0 0 0 0 
0 0 0 0 18 16 15 17 18 21 25 30 35 44 51 44 37 27 21 15 16 12 10 9 0 0 0 0 0 0 0 0 0 
0 0 0 0 14 15 16 17 20 23 27 31 39 48 58 55 40 32 23 19 15 12 11 10 0 0 0 0 0 0 0 0 0 
0 0 0 0 15 15 17 19 21 24 31 36 43 55 91 58 47 34 28 27 16 15 12 14 0 0 0 0 0 0 0 0 0 
0 0 0 0 15 17 20 21 26 25 34 38 48 58 96 63 51 39 32 23 17 18 17 11 0 0 0 0 0 0 0 0 0 
0 0 0 0 23 20 19 21 25 33 37 43 53 91 105 72 55 44 33 27 23 16 14 12 0 0 0 0 0 0 0 0 0 
0 0 0 0 16 18 20 22 26 33 41 49 59 102 112 110 64 50 35 27 22 19 16 13 0 0 0 0 0 0 0 0 0 
0 0 0 0 18 19 20 27 28 36 45 52 95 108 121 118 99 54 42 37 24 20 18 18 0 0 0 0 0 0 0 0 0 
0 0 0 0 18 20 24 29 31 40 49 89 104 116 131 129 108 60 45 34 27 25 21 16 0 0 0 0 0 0 0 0 0 
0 0 0 0 30 24 23 28 33 41 52 94 111 128 140 138 112 63 47 39 34 26 21 17 0 0 0 0 0 0 0 0 0 
0 0 0 0 20 22 25 33 39 47 58 100 118 140 255 145 122 71 54 39 31 27 23 20 0 0 0 0 0 0 0 0 0 
0 0 0 0 20 25 28 33 43 51 93 109 127 145 255 255 132 107 59 47 36 30 25 22 0 0 0 0 0 0 0 0 0 
0 0 0 0 24 24 31 37 46 56 100 116 255 255 255 255 255 116 64 52 37 34 28 22 0 0 0 0 0 0 0 0 0 
0 0 0 0 26 33 33 40 52 61 107 129 255 255 255 255 255 123 101 56 44 33 31 25 0 0 0 0 0 0 0 0 0 
0 0 0 0 30 33 36 42 54 93 111 131 255 255 255 255 255 134 108 61 47 39 34 27 0 0 0 0 0 0 0 0 0 
0 0 0 0 27 32 36 48 59 101 121 255 255 255 255 255 255 136 112 65 48 39 32 28 0 0 0 0 0 0 0 0 0 
0 0 0 0 31 36 42 54 95 110 126 255 255 255 255 255 255 255 122 102 53 45 36 34 0 0 0 0 0 0 0 0 0 
0 0 0 0 33 37 45 58 101 118 255 255 255 255 255 255 255 255 131 107 60 47 39 33 0 0 0 0 0 0 0 0 0 
0 0 0 0 35 43 49 90 109 126 145 255 255 255 255 255 255 255 138 116 67 53 42 36 0 0 0 0 0 0 0 0 0 
0 0 0 0 38 46 56 100 117 134 255 255 255 255 255 255 255 255 145 124 103 61 48 38 0 0 0 0 0 0 0 0 0 
0 0 0 0 45 50 89 106 127 255 255 255 255 255 255 255 255 255 255 136 110 65 53 42 0 0 0 0 0 0 0 0 0 
0 0 0 0 46 52 93 112 132 255 255 255 255 255 255 255 255 255 255 134 112 94 54 44 0 0 0 0 0 0 0 0 0 
0 0 0 0 49 58 100 119 140 255 255 255 255 255 255 255 255 255 255 145 118 102 58 48 0 0 0 0 0 0 0 0 0 
0 0 0 0 54 93 105 127 145 255 255 255 255 255 255 255 255 255 255 255 130 107 65 51 0 0 0 0 0 0 0 0 0 
0 0 0 0 86 98 113 136 255 255 255 255 255 255 255 255 255 255 255 255 140 117 102 56 0 0 0 0 0 0 0 0 0 
0 0 0 0 91 106 121 145 255 255 255 255 255 255 255 255 255 255 255 255 255 125 105 62 0 0 0 0 0 0 0 0 0 
0 0 0 0 96 109 129 255 255 255 255 255 255 255 255 255 255 255 255 255 255 145 113 67 0 0 0 0 0 0 0 0 0 
0 0 0 0 102 117 138 255 255 255 255 255 255 255 255 255 255 255 255 255 255 255 120 99 0 0 0 0 0 0 0 0 0 
0 0 0 0 110 126 138 255 255 255 255 255 255 255 255 255 255 255 255 255 255 255 127 107 0 0 0 0 0 0 0 0 0 
0 0 0 0 115 140 255 255 255 255 255 255 255 255 255 255 255 255 255 255 255 255 136 111 0 0 0 0 0 0 0 0 0 
0 0 0 0 127 138 255 255 255 255 255 255 255 255 255 255 255 255 255 255 255 255 145 120 0 0 0 0 0 0 0 0 0 
0 0 0 0 136 255 255 255 255 255 255 255 255 255 255 255 255 255 255 255 255 255 255 127 0 0 0 0 0 0 0 0 0 
0 0 0 0 140 255 255 255 255 255 255 255 255 255 255 255 255 255 255 255 255 255 255 136 0 0 0 0 0 0 0 0 0 
0 0 0 0 255 255 255 255 255 255 255 255 255 255 255 255 255 255 255 255 255 255 255 140 0 0 0 0 0 0 0 0 0 
0 0 0 0 255 255 255 255 255 255 255 255 255 255 255 255 255 255 255 255 255 255 255 255 0 0 0 0 0 0 0 0 0 
0 0 0 0 255 255 255 255 255 255 255 255 255 255 255 255 255 255 255 255 255 255 255 145 0 0 0 0 0 0 0 0 0 
0 0 0 0 255 255 255 255 255 255 255 255 255 255 255 255 255 255 255 255 255 255 255 255 0 0 0 0 0 0 0 0 0 
0 0 0 0 255 255 255 255 255 255 255 255 255 255 255 255 255 255 255 255 255 255 255 255 0 0 0 0 0 0 0 0 0 
0 0 0 0 255 255 255 255 255 255 255 255 255 255 255 255 255 255 255 255 255 255 255 255 0 0 0 0 0 0 0 0 0 
0 0 0 0 255 255 255 255 255 255 255 255 255 255 255 255 255 255 255 255 255 255 255 255 0 0 0 0 0 0 0 0 0 
0 0 0 0 255 255 255 255 255 255 255 255 255 255 255 255 255 255 255 255 255 255 255 255 0 0 0 0 0 0 0 0 0 
0 0 0 0 255 255 255 255 255 255 255 255 255 255 255 255 255 255 255 255 255 255 255 255 0 0 0 0 0 0 0 0 0 
0 0 0 0 255 255 255 255 255 255 255 255 255 255 255 255 255 255 255 255 255 255 255 255 0 0 0 0 0 0 0 0 0 
0 0 0 0 255 255 255 255 255 255 255 255 255 255 255 255 255 255 255 255 255 255 255 255 0 0 0 0 0 0 0 0 0 
0 0 0 0 255 255 255 255 255 255 255 255 255 255 255 255 255 255 255 255 255 255 255 255 0 0 0 0 0 0 0 0 0 
0 0 0 0 255 255 255 255 255 255 255 255 255 255 255 255 255 255 255 255 255 255 255 255 0 0 0 0 0 0 0 0 0 
0 0 0 0 255 255 255 255 255 255 255 255 255 255 255 255 255 255 255 255 255 255 255 255 0 0 0 0 0 0 0 0 0 
0 0 0 0 255 255 255 255 255 255 255 255 255 255 255 255 255 255 255 255 255 255 255 255 0 0 0 0 0 0 0 0 0 
0 0 0 0 255 255 255 255 255 255 255 255 255 255 255 255 255 255 255 255 255 255 255 255 0 0 0 0 0 0 0 0 0 
0 0 0 0 255 255 255 255 255 255 255 255 255 255 255 255 255 255 255 255 255 255 255 255 0 0 0 0 0 0 0 0 0 
0 0 0 0 255 255 255 255 255 255 255 255 255 255 255 255 255 255 255 255 255 255 255 255 0 0 0 0 0 0 0 0 0 
0 0 0 0 255 255 255 255 255 255 255 255 255 255 255 255 255 255 255 255 255 255 255 255 0 0 0 0 0 0 0 0 0 
0 0 0 0 255 255 255 255 255 255 255 255 255 255 255 255 255 255 255 255 255 255 255 255 0 0 0 0 0 0 0 0 0 
0 0 0 0 255 255 255 255 255 255 255 255 255 255 255 255 255 255 255 255 255 255 255 255 0 0 0 0 0 0 0 0 0 
0 0 0 0 255 255 255 255 255 255 255 255 255 255 255 255 255 255 255 255 255 255 255 255 0 0 0 0 0 0 0 0 0 
0 0 0 0 255 255 255 255 255 255 255 255 255 255 255 255 255 255 255 255 255 255 255 145 0 0 0 0 0 0 0 0 0 
0 0 0 0 255 255 255 255 255 255 255 255 255 255 255 255 255 255 255 255 255 255 255 255 0 0 0 0 0 0 0 0 0 
0 0 0 0 145 255 255 255 255 255 255 255 255 255 255 255 255 255 255 255 255 255 255 138 0 0 0 0 0 0 0 0 0 
0 0 0 0 140 255 255 255 255 255 255 255 255 255 255 255 255 255 255 255 255 255 255 129 0 0 0 0 0 0 0 0 0 
0 0 0 0 131 255 255 255 255 255 255 255 255 255 255 255 255 255 255 255 255 255 255 119 0 0 0 0 0 0 0 0 0 
0 0 0 0 125 145 255 255 255 255 255 255 255 255 255 255 255 255 255 255 255 145 136 111 0 0 0 0 0 0 0 0 0 
0 0 0 0 116 132 145 255 255 255 255 255 255 255 255 255 255 255 255 255 255 255 125 104 0 0 0 0 0 0 0 0 0 
0 0 0 0 110 126 255 255 255 255 255 255 255 255 255 255 255 255 255 255 145 140 118 100 0 0 0 0 0 0 0 0 0 
0 0 0 0 108 121 138 255 255 255 255 255 255 255 255 255 255 255 255 255 255 130 109 93 0 0 0 0 0 0 0 0 0 
0 0 0 0 100 116 145 255 255 255 255 255 255 255 255 255 255 255 255 255 145 124 103 60 0 0 0 0 0 0 0 0 0 
0 0 0 0 97 109 121 255 255 255 255 255 255 255 255 255 255 255 255 255 140 113 96 54 0 0 0 0 0 0 0 0 0 
0 0 0 0 90 100 118 138 255 255 255 255 255 255 255 255 255 255 255 255 127 106 91 51 0 0 0 0 0 0 0 0 0 
0 0 0 0 56 95 110 129 255 255 255 255 255 255 255 255 255 255 255 255 119 99 57 47 0 0 0 0 0 0 0 0 0 
0 0 0 0 52 62 104 123 145 255 255 255 255 255 255 255 255 255 255 145 109 92 51 41 0 0 0 0 0 0 0 0 0 
0 0 0 0 49 57 99 114 138 255 255 255 255 255 255 255 255 255 255 130 105 92 50 41 0 0 0 0 0 0 0 0 0 
0 0 0 0 44 54 94 108 131 145 255 255 255 255 255 255 255 255 145 118 98 56 45 38 0 0 0 0 0 0 0 0 0 
0 0 0 0 42 47 58 102 117 255 255 255 255 255 255 255 255 255 136 111 91 52 42 35 0 0 0 0 0 0 0 0 0 
0 0 0 0 38 44 51 96 110 131 255 255 255 255 255 255 255 255 123 104 57 47 37 31 0 0 0 0 0 0 0 0 0 
0 0 0 0 34 39 48 59 103 118 140 255 255 255 255 255 255 145 116 95 51 42 37 31 0 0 0 0 0 0 0 0 0 
0 0 0 0 33 37 42 52 94 111 130 255 255 255 255 255 255 134 111 91 49 41 34 26 0 0 0 0 0 0 0 0 0 
0 0 0 0 30 39 43 52 63 109 127 255 255 255 255 255 255 128 104 57 44 38 30 24 0 0 0 0 0 0 0 0 0 
0 0 0 0 27 34 38 47 59 103 121 145 255 255 255 255 255 119 97 53 43 34 30 23 0 0 0 0 0 0 0 0 0 
0 0 0 0 25 28 33 42 53 67 112 131 255 255 255 255 140 109 91 48 37 33 25 21 0 0 0 0 0 0 0 0 0 
0 0 0 0 24 26 31 37 48 60 105 120 145 255 255 255 127 103 56 44 33 29 24 31 0 0 0 0 0 0 0 0 0 
0 0 0 0 22 30 32 31 42 54 99 111 132 255 255 138 117 95 50 40 30 25 18 18 0 0 0 0 0 0 0 0 0 
0 0 0 0 20 24 27 34 43 52 63 106 128 140 145 133 108 59 45 37 26 21 20 15 0 0 0 0 0 0 0 0 0 
0 0 0 0 19 22 24 31 38 46 59 96 119 138 255 122 103 56 45 32 25 30 24 15 0 0 0 0 0 0 0 0 0 
0 0 0 0 20 20 23 25 35 41 51 96 109 122 125 112 95 51 37 31 22 18 15 20 0 0 0 0 0 0 0 0 0 
0 0 0 0 17 22 33 27 30 39 46 55 100 114 120 104 87 45 34 25 22 18 13 11 0 0 0 0 0 0 0 0 0 
0 0 0 0 17 18 20 23 32 33 43 51 64 104 110 96 51 40 29 24 17 15 12 11 0 0 0 0 0 0 0 0 0 
0 0 0 0 15 17 18 22 26 30 39 43 57 95 98 58 45 34 23 18 14 20 17 10 0 0 0 0 0 0 0 0 0 
0 0 0 0 17 17 18 20 25 32 35 43 50 61 92 54 42 32 24 22 14 12 11 15 0 0 0 0 0 0 0 0 0 
0 0 0 0 14 19 25 29 22 28 34 37 49 60 86 48 36 29 21 16 14 10 10 9 0 0 0 0 0 0 0 0 0 
0 0 0 0 14 15 17 20 24 25 32 39 40 52 49 43 32 22 17 13 13 10 9 9 0 0 0 0 0 0 0 0 0 
0 0 0 0 13 13 15 17 19 22 27 31 36 44 44 38 24 18 18 12 10 14 14 8 0 0 0 0 0 0 0 0 0 
0 0 0 0 14 13 13 14 18 20 24 27 33 37 35 30 27 21 14 15 10 9 8 13 0 0 0 0 0 0 0 0 0 
0 0 0 0 11 14 16 18 16 22 22 24 25 30 28 23 17 13 12 9 11 8 8 13 0 0 0 0 0 0 0 0 0 
0 0 0 0 11 12 14 15 16 18 20 20 23 24 23 18 14 11 10 9 11 8 8 13 0 0 0 0 0 0 0 0 0 
0 0 0 0 11 12 14 15 16 18 20 20 23 24 23 18 14 11 10 9 11 8 8 13 0 0 0 0 0 0 0 0 0 
0 0 0 0 0 0 0 0 0 0 0 0 0 0 0 0 0 0 0 0 0 0 0 0 0 0 0 0 0 0 0 0 0 
0 0 0 0 0 0 0 0 0 0 0 0 0 0 0 0 0 0 0 0 0 0 0 0 0 0 0 0 0 0 0 0 0 
0 0 0 0 0 0 0 0 0 0 0 0 0 0 0 0 0 0 0 0 0 0 0 0 0 0 0 0 0 0 0 0 0 
0 0 0 0 0 0 0 0 0 0 0 0 0 0 0 0 0 0 0 0 0 0 0 0 0 0 0 0 0 0 0 0 0 
0 0 0 0 0 0 0 0 0 0 0 0 0 0 0 0 0 0 0 0 0 0 0 0 0 0 0 0 0 0 0 0 0 
0 0 0 0 0 0 0 0 0 0 0 0 0 0 0 0 0 0 0 0 0 0 0 0 0 0 0 0 0 0 0 0 0 
0 0 0 0 0 0 0 0 0 0 0 0 0 0 0 0 0 0 0 0 0 0 0 0 0 0 0 0 0 0 0 0 0 
0 0 0 0 0 0 0 0 0 0 0 0 0 0 0 0 0 0 0 0 0 0 0 0 0 0 0 0 0 0 0 0 0 
0 0 0 0 0 0 0 0 0 0 0 0 0 0 0 0 0 0 0 0 0 0 0 0 0 0 0 0 0 0 0 0 0 
0 0 0 0 0 0 0 0 0 0 0 0 0 0 0 0 0 0 0 0 0 0 0 0 0 0 0 0 0 0 0 0 0 
0 0 0 0 0 0 0 0 0 0 0 0 0 0 0 0 0 0 0 0 0 0 0 0 0 0 0 0 0 0 0 0 0 
0 0 0 0 0 0 0 0 0 0 0 0 0 0 0 0 0 0 0 0 0 0 0 0 0 0 0 0 0 0 0 0 0 
0 0 0 0 0 0 0 0 0 0 0 0 0 0 0 0 0 0 0 0 0 0 0 0 0 0 0 0 0 0 0 0 0 
0 0 0 0 0 0 0 0 0 0 0 0 0 0 0 0 0 0 0 0 0 0 0 0 0 0 0 0 0 0 0 0 0 
0 0 0 0 0 0 0 0 0 0 0 0 0 0 0 0 0 0 0 0 0 0 0 0 0 0 0 0 0 0 0 0 0 
0 0 0 0 0 0 0 0 0 0 0 0 0 0 0 0 0 0 0 0 0 0 0 0 0 0 0 0 0 0 0 0 0 
0 0 0 0 0 0 0 0 0 0 0 0 0 0 0 0 0 0 0 0 0 0 0 0 0 0 0 0 0 0 0 0 0 
0 0 0 0 0 0 0 0 0 0 0 0 0 0 0 0 0 0 0 0 0 0 0 0 0 0 0 0 0 0 0 0 0 
0 0 0 0 0 0 0 0 0 0 0 0 0 0 0 0 0 0 0 0 0 0 0 0 0 0 0 0 0 0 0 0 0 
0 0 0 0 0 0 0 0 0 0 0 0 0 0 0 0 0 0 0 0 0 0 0 0 0 0 0 0 0 0 0 0 0 
0 0 0 0 0 0 0 0 0 0 0 0 0 0 0 0 0 0 0 0 0 0 0 0 0 0 0 0 0 0 0 0 0 
0 0 0 0 0 0 0 0 0 0 0 0 0 0 0 0 0 0 0 0 0 0 0 0 0 0 0 0 0 0 0 0 0 
0 0 0 0 0 0 0 0 0 0 0 0 0 0 0 0 0 0 0 0 0 0 0 0 0 0 0 0 0 0 0 0 0 
0 0 0 0 0 0 0 0 0 0 0 0 0 0 0 0 0 0 0 0 0 0 0 0 0 0 0 0 0 0 0 0 0 
0 0 0 0 0 0 0 0 0 0 0 0 0 0 0 0 0 0 0 0 0 0 0 0 0 0 0 0 0 0 0 0 0 
0 0 0 0 0 0 0 0 0 0 0 0 0 0 0 0 0 0 0 0 0 0 0 0 0 0 0 0 0 0 0 0 0 
0 0 0 0 0 0 0 0 0 0 0 0 0 0 0 0 0 0 0 0 0 0 0 0 0 0 0 0 0 0 0 0 0 
0 0 0 0 0 0 0 0 0 0 0 0 0 0 0 0 0 0 0 0 0 0 0 0 0 0 0 0 0 0 0 0 0 
0 0 0 0 0 0 0 0 0 0 0 0 0 0 0 0 0 0 0 0 0 0 0 0 0 0 0 0 0 0 0 0 0 
0 0 0 0 0 0 0 0 0 0 0 0 0 0 0 0 0 0 0 0 0 0 0 0 0 0 0 0 0 0 0 0 0 
